addr,name
004011f4,GetStdHandle
0040120c,UnhandledExceptionFilter
00401214,WriteFile
0040121c,CharNextA
00401224,ExitProcess
0040122c,MessageBoxA
00401234,FindClose
0040123c,FindFirstFileA
00401244,FreeLibrary
0040124c,GetCommandLineA
00401254,GetLocaleInfoA
0040125c,GetModuleFileNameA
00401264,GetModuleHandleA
0040126c,GetProcAddress
00401274,GetStartupInfoA
0040127c,GetThreadLocale
00401284,LoadLibraryExA
0040128c,LoadStringA
00401294,lstrcpynA
0040129c,lstrlenA
004012a4,MultiByteToWideChar
004012ac,RegCloseKey
004012b4,RegOpenKeyExA
004012bc,RegQueryValueExA
004012c4,WideCharToMultiByte
004012cc,VirtualQuery
004012d4,SysAllocStringLen
004012dc,SysReAllocStringLen
004012e4,SysFreeString
004012ec,InterlockedIncrement
004012f4,InterlockedDecrement
004012fc,GetCurrentThreadId
00401304,GetVersion
0040130c,FUN_0040130c
00401330,LocalAlloc
00401338,LocalFree
00401340,VirtualAlloc
00401348,VirtualFree
00401350,InitializeCriticalSection
00401358,EnterCriticalSection
00401360,LeaveCriticalSection
00401368,DeleteCriticalSection
00401370,FUN_00401370
004013f4,FUN_004013f4
004013fc,FUN_004013fc
00401458,FUN_00401458
0040148c,FUN_0040148c
00401514,FUN_00401514
004015d8,FUN_004015d8
0040163c,FUN_0040163c
004016b4,FUN_004016b4
0040177c,FUN_0040177c
0040183c,FUN_0040183c
004018f8,FUN_004018f8
004019a0,FUN_004019a0
00401ae4,FUN_00401ae4
00401b78,FUN_00401b78
00401c50,FUN_00401c50
00401d50,FUN_00401d50
00401de4,FUN_00401de4
00401e28,FUN_00401e28
00401e64,FUN_00401e64
00401e88,FUN_00401e88
00401eb0,FUN_00401eb0
00401f28,FUN_00401f28
00401f68,FUN_00401f68
00402024,FUN_00402024
0040211c,FUN_0040211c
00402168,FUN_00402168
004021f4,FUN_004021f4
00402220,FUN_00402220
00402254,FUN_00402254
0040228c,FUN_0040228c
004023d4,FUN_004023d4
00402580,FUN_00402580
00402758,FUN_00402758
0040295c,FUN_0040295c
00402a28,FUN_00402a28
00402a58,FUN_00402a58
00402a78,FUN_00402a78
00402ac8,FUN_00402ac8
00402ae8,FUN_00402ae8
00402b50,FUN_00402b50
00402b5c,FUN_00402b5c
00402ba8,FUN_00402ba8
00402bb4,FUN_00402bb4
00402bd4,FUN_00402bd4
00402be4,FUN_00402be4
00402c28,FUN_00402c28
00402c48,FUN_00402c48
00402c88,FUN_00402c88
00402c98,FUN_00402c98
00402ca0,FUN_00402ca0
00402cac,FUN_00402cac
00402cc8,FUN_00402cc8
00402d10,FUN_00402d10
00402d1c,FUN_00402d1c
00402d74,FUN_00402d74
00402d90,FUN_00402d90
00402e14,FUN_00402e14
00402e84,FUN_00402e84
00402ea4,FUN_00402ea4
00402f78,FUN_00402f78
00402f84,FUN_00402f84
00402fa8,FUN_00402fa8
00402fbc,thunk_FUN_00402fc4
00402fc4,FUN_00402fc4
004032a8,GetKeyboardType
004032b0,FUN_004032b0
004032e0,FUN_004032e0
004033a4,FUN_004033a4
004033b0,FUN_004033b0
004033bc,FUN_004033bc
004033d0,FUN_004033d0
004033f8,FUN_004033f8
00403404,FUN_00403404
00403420,FUN_00403420
00403434,FUN_00403434
0040343c,FUN_0040343c
0040345c,FUN_0040345c
0040346c,FUN_0040346c
00403478,FUN_00403478
004034d0,FUN_004034d0
004034f0,FUN_004034f0
00403520,FUN_00403520
004035c0,FUN_004035c0
00403604,FUN_00403604
00403628,FUN_00403628
00403644,FUN_00403644
00403674,FUN_00403674
0040368c,thunk_FUN_00403690
00403690,FUN_00403690
004036a0,FUN_004036a0
004036b0,FUN_004036b0
004036b8,FUN_004036b8
004036bc,FUN_004036bc
004036c0,FUN_004036c0
004036ec,FUN_004036ec
0040373c,FUN_0040373c
0040378c,FUN_0040378c
004037dc,FUN_004037dc
004037e4,FUN_004037e4
004037f4,FUN_004037f4
00403820,FUN_00403820
00403844,FUN_00403844
0040385c,FUN_0040385c
00403870,FUN_00403870
00403884,FUN_00403884
004038a4,FUN_004038a4
004038e8,FUN_004038e8
00403908,FUN_00403908
00403bbc,FUN_00403bbc
00403bf4,FUN_00403bf4
00403ca0,FUN_00403ca0
00403df8,FUN_00403df8
00403e18,FUN_00403e18
00403e40,FUN_00403e40
00403eb0,FUN_00403eb0
00403f20,FUN_00403f20
00403f60,FUN_00403f60
00403f84,FUN_00403f84
00403fac,FUN_00403fac
00403fd0,FUN_00403fd0
0040402c,FUN_0040402c
0040405c,FUN_0040405c
004040e8,FUN_004040e8
004041c8,FUN_004041c8
004041d4,FUN_004041d4
004041e0,FUN_004041e0
00404204,FUN_00404204
00404234,FUN_00404234
00404278,FUN_00404278
004042a4,FUN_004042a4
004042d0,FUN_004042d0
00404300,FUN_00404300
00404320,FUN_00404320
0040433c,FUN_0040433c
004043c8,FUN_004043c8
004043d8,FUN_004043d8
00404408,FUN_00404408
00404444,FUN_00404444
00404450,FUN_00404450
00404468,FUN_00404468
0040447c,FUN_0040447c
004044a0,FUN_004044a0
004044a8,FUN_004044a8
004044ec,FUN_004044ec
0040450e,FUN_0040450e
00404560,FUN_00404560
004045ec,FUN_004045ec
00404690,FUN_00404690
004046a0,FUN_004046a0
004046ac,FUN_004046ac
004046f0,thunk_FUN_004046ac
004046f8,thunk_FUN_004046ac
00404700,FUN_00404700
00404740,FUN_00404740
00404788,FUN_00404788
004047e4,FUN_004047e4
0040482c,FUN_0040482c
00404898,FUN_00404898
004048b0,FUN_004048b0
004048c0,FUN_004048c0
004048d8,FUN_004048d8
004048fc,FUN_004048fc
00404920,FUN_00404920
004049ac,FUN_004049ac
004049d0,FUN_004049d0
00404a0c,FUN_00404a0c
00404a1c,FUN_00404a1c
00404a2c,FUN_00404a2c
00404a38,FUN_00404a38
00404abc,FUN_00404abc
00404b08,FUN_00404b08
00404b50,FUN_00404b50
00404b80,FUN_00404b80
00404c14,FUN_00404c14
00404c48,FUN_00404c48
00404c60,FUN_00404c60
00404d4c,FUN_00404d4c
00404d58,FUN_00404d58
00404d70,FUN_00404d70
00404e8c,FUN_00404e8c
00404f88,FUN_00404f88
00404fac,FUN_00404fac
00404fb4,FUN_00404fb4
00404fbc,FUN_00404fbc
00404fcc,thunk_FUN_00404c60
00404fd4,FUN_00404fd4
00404fdc,FUN_00404fdc
00405188,FUN_00405188
00405194,FUN_00405194
004051d0,FUN_004051d0
004051f8,FUN_004051f8
00405220,FUN_00405220
00405228,FUN_00405228
00405270,FUN_00405270
004052b8,FUN_004052b8
004052e4,FUN_004052e4
004054bc,FUN_004054bc
00405740,FUN_00405740
00405748,FUN_00405748
00405750,FUN_00405750
00405770,FUN_00405770
004057f8,FUN_004057f8
00405854,FUN_00405854
00405864,FUN_00405864
004058e8,FUN_004058e8
00405900,FUN_00405900
0040592c,FUN_0040592c
0040595c,FUN_0040595c
004059d0,FUN_004059d0
004059f8,FUN_004059f8
00405ad4,FUN_00405ad4
00405c0c,FUN_00405c0c
00405cb8,FUN_00405cb8
00405d5c,FUN_00405d5c
00405dac,FUN_00405dac
00405e04,FUN_00405e04
00405fa0,GetModuleHandleA
00405fa8,LocalAlloc
00405fb0,TlsGetValue
00405fb8,TlsSetValue
00405fc0,FUN_00405fc0
00405fcc,FUN_00405fcc
00405fd4,FUN_00405fd4
00406018,FUN_00406018
00406058,FUN_00406058
00406064,FUN_00406064
004060e0,FUN_004060e0
004060fc,FUN_004060fc
00406104,FUN_00406104
00406120,FUN_00406120
00406224,RegCloseKey
0040622c,RegOpenKeyExA
00406234,RegQueryValueExA
0040623c,CloseHandle
00406244,CompareStringA
0040624c,CreateEventA
00406254,CreateFileA
0040625c,CreateThread
00406264,DeleteCriticalSection
0040626c,EnterCriticalSection
00406274,EnumCalendarInfoA
0040627c,FindResourceA
00406284,FormatMessageA
0040628c,FreeLibrary
00406294,InterlockedExchange
0040629c,FreeResource
004062a4,GetACP
004062ac,GetCPInfo
004062b4,GetCurrentProcessId
004062bc,GetCurrentThreadId
004062c4,GetDateFormatA
004062cc,GetDiskFreeSpaceA
004062d4,GetFullPathNameA
004062dc,GetLastError
004062e4,GetLocalTime
004062ec,GetLocaleInfoA
004062f4,GetModuleFileNameA
004062fc,GetModuleHandleA
00406304,GetProcAddress
0040630c,GetStdHandle
00406314,GetStringTypeExA
0040631c,GetSystemInfo
00406324,GetThreadLocale
0040632c,GetTickCount
00406334,GetVersion
0040633c,GetVersionExA
00406344,GlobalAddAtomA
0040634c,GlobalAlloc
00406354,GlobalDeleteAtom
0040635c,GlobalFindAtomA
00406364,GlobalFree
0040636c,GlobalLock
00406374,GlobalHandle
0040637c,GlobalReAlloc
00406384,GlobalUnlock
0040638c,InitializeCriticalSection
00406394,LeaveCriticalSection
0040639c,LoadLibraryA
004063a4,LoadResource
004063ac,LockResource
004063b4,MulDiv
004063bc,ReadFile
004063c4,ResetEvent
004063cc,SetEndOfFile
004063d4,SetErrorMode
004063dc,SetEvent
004063e4,SetFilePointer
004063ec,SetThreadLocale
004063f4,SizeofResource
004063fc,Sleep
00406404,VirtualAlloc
0040640c,VirtualQuery
00406414,WaitForSingleObject
0040641c,WriteFile
00406424,lstrcpyA
0040642c,GetFileVersionInfoA
00406434,GetFileVersionInfoSizeA
0040643c,VerQueryValueA
00406444,BitBlt
0040644c,CreateBitmap
00406454,CreateBrushIndirect
0040645c,CreateCompatibleBitmap
00406464,CreateCompatibleDC
0040646c,CreateDIBSection
00406474,CreateDIBitmap
0040647c,CreateFontIndirectA
00406484,CreateHalftonePalette
0040648c,CreatePalette
00406494,CreatePenIndirect
0040649c,CreateSolidBrush
004064a4,DeleteDC
004064ac,DeleteObject
004064b4,ExcludeClipRect
004064bc,GetBitmapBits
004064c4,GetBrushOrgEx
004064cc,GetClipBox
004064d4,GetCurrentPositionEx
004064dc,GetDCOrgEx
004064e4,GetDIBColorTable
004064ec,GetDIBits
004064f4,GetDeviceCaps
004064fc,GetObjectA
00406504,GetPaletteEntries
0040650c,GetPixel
00406514,GetStockObject
0040651c,GetSystemPaletteEntries
00406524,GetTextExtentPoint32A
0040652c,GetTextMetricsA
00406534,GetWindowOrgEx
0040653c,IntersectClipRect
00406544,LineTo
0040654c,MaskBlt
00406554,MoveToEx
0040655c,PatBlt
00406564,RealizePalette
0040656c,RectVisible
00406574,RestoreDC
0040657c,SaveDC
00406584,SelectObject
0040658c,SelectPalette
00406594,SetBkColor
0040659c,SetBkMode
004065a4,SetBrushOrgEx
004065ac,SetDIBColorTable
004065b4,SetPixel
004065bc,SetROP2
004065c4,SetStretchBltMode
004065cc,SetTextColor
004065d4,SetViewportOrgEx
004065dc,SetWindowOrgEx
004065e4,StretchBlt
004065ec,UnrealizeObject
004065f4,ActivateKeyboardLayout
004065fc,AdjustWindowRectEx
00406604,CharLowerA
0040660c,BeginPaint
00406614,CallNextHookEx
0040661c,CallWindowProcA
00406624,CharNextA
0040662c,CharToOemA
00406634,CheckMenuItem
0040663c,ClientToScreen
00406644,CreateIcon
0040664c,CreateMenu
00406654,CreatePopupMenu
0040665c,DefFrameProcA
0040666c,DefWindowProcA
00406674,DeleteMenu
0040667c,DestroyCursor
00406684,DestroyIcon
0040668c,DestroyMenu
00406694,DestroyWindow
0040669c,DispatchMessageA
004066a4,DrawEdge
004066ac,DrawFrameControl
004066b4,DrawIcon
004066bc,DrawIconEx
004066c4,DrawMenuBar
004066cc,DrawTextA
004066d4,EnableMenuItem
004066e4,EnableWindow
004066ec,EndPaint
004066f4,EnumThreadWindows
004066fc,EnumWindows
00406704,EqualRect
0040670c,FillRect
00406714,FindWindowA
0040671c,FrameRect
00406724,GetActiveWindow
0040672c,GetAsyncKeyState
00406734,GetCapture
0040673c,GetClassInfoA
00406744,GetClassNameA
0040674c,GetClientRect
00406754,GetCursor
0040675c,GetCursorPos
00406764,GetDC
0040676c,GetDCEx
00406774,GetDesktopWindow
0040677c,GetDoubleClickTime
00406784,GetFocus
0040678c,GetForegroundWindow
00406794,GetIconInfo
0040679c,GetKeyNameTextA
004067a4,GetKeyState
004067ac,GetKeyboardLayout
004067b4,GetKeyboardLayoutList
004067bc,GetKeyboardState
004067c4,GetLastActivePopup
004067cc,GetMenu
004067d4,GetMenuItemCount
004067dc,GetMenuItemID
004067e4,GetMenuItemInfoA
004067ec,GetMenuState
004067f4,GetMenuStringA
004067fc,GetWindow
00406804,GetParent
0040680c,GetPropA
0040682c,GetSubMenu
00406834,GetSysColor
00406844,GetSystemMenu
0040684c,GetSystemMetrics
00406854,GetTopWindow
0040685c,GetWindow
00406864,GetWindowDC
0040686c,GetWindowLongA
00406874,GetWindowPlacement
0040687c,GetWindowRect
00406884,GetWindowTextA
0040688c,GetWindowThreadProcessId
00406894,GetWindowThreadProcessId
0040689c,InflateRect
004068a4,InsertMenuA
004068ac,InsertMenuItemA
004068b4,IntersectRect
004068bc,InvalidateRect
004068c4,IsChild
004068cc,IsDialogMessageA
004068d4,IsIconic
004068dc,IsRectEmpty
004068e4,IsWindow
004068ec,IsWindowEnabled
004068f4,IsWindowVisible
00406904,KillTimer
0040690c,LoadBitmapA
00406914,LoadCursorA
0040691c,LoadIconA
0040692c,LoadStringA
00406934,MapVirtualKeyA
0040693c,MapWindowPoints
00406944,MessageBoxA
0040694c,OemToCharA
00406954,OffsetRect
0040695c,PeekMessageA
00406964,PostMessageA
0040696c,PostQuitMessage
00406974,PtInRect
0040697c,RedrawWindow
00406984,RegisterClassA
0040698c,RegisterClipboardFormatA
00406994,RegisterWindowMessageA
0040699c,ReleaseCapture
004069a4,ReleaseDC
004069ac,RemoveMenu
004069bc,ScreenToClient
004069c4,ScrollWindow
004069cc,SendMessageA
004069d4,SetActiveWindow
004069dc,SetCapture
004069e4,SetClassLongA
004069ec,SetCursor
004069f4,SetFocus
004069fc,SetForegroundWindow
00406a04,SetMenu
00406a0c,SetMenuItemInfoA
00406a14,SetParent
00406a1c,SetPropA
00406a24,SetRect
00406a44,SetTimer
00406a4c,SetWindowLongA
00406a54,SetWindowPlacement
00406a5c,SetWindowPos
00406a64,SetWindowTextA
00406a6c,SetWindowsHookExA
00406a74,ShowCursor
00406a7c,ShowOwnedPopups
00406a8c,ShowWindow
00406a94,SystemParametersInfoA
00406a9c,TrackPopupMenu
00406aa4,TranslateMDISysAccel
00406aac,TranslateMessage
00406ab4,UnhookWindowsHookEx
00406abc,UnregisterClassA
00406ac4,UpdateWindow
00406acc,WaitMessage
00406ad4,WinHelpA
00406adc,WindowFromPoint
00406ae4,FUN_00406ae4
00406af0,FUN_00406af0
00406af8,FUN_00406af8
00406afc,FUN_00406afc
00406b0c,FUN_00406b0c
00406b28,FUN_00406b28
00406b3c,FUN_00406b3c
00406b48,FUN_00406b48
00406b5c,FUN_00406b5c
00406b74,FUN_00406b74
00406b7c,CreateWindowExA
00406b84,FUN_00406b84
00406bdc,FUN_00406bdc
00406c34,FUN_00406c34
00407c48,FUN_00407c48
00407c64,FUN_00407c64
00407c88,FUN_00407c88
00407ce4,FUN_00407ce4
00407d1c,FUN_00407d1c
00407d6c,FUN_00407d6c
00407dbc,FUN_00407dbc
00407dec,FUN_00407dec
00407e0c,FUN_00407e0c
00407e60,FUN_00407e60
00407e84,FUN_00407e84
00407ebc,FUN_00407ebc
00407ef4,FUN_00407ef4
00407f0c,FUN_00407f0c
00407f2c,FUN_00407f2c
00407f7c,FUN_00407f7c
00407fe0,FUN_00407fe0
00407ff6,FUN_00407ff6
0040802c,FUN_0040802c
0040804c,FUN_0040804c
00408080,FUN_00408080
00408118,FUN_00408118
00408140,FUN_00408140
00408168,FUN_00408168
004081a4,FUN_004081a4
004081bc,FUN_004081bc
004081dc,FUN_004081dc
0040826c,FUN_0040826c
004082a8,FUN_004082a8
00408344,FUN_00408344
00408390,FUN_00408390
004083e8,FUN_004083e8
0040840c,FUN_0040840c
00408414,FUN_00408414
00408440,FUN_00408440
0040846c,FUN_0040846c
004084a4,FUN_004084a4
004084ac,FUN_004084ac
004084e4,FUN_004084e4
00408534,FUN_00408534
0040856c,FUN_0040856c
00408628,FUN_00408628
00408640,FUN_00408640
00408654,FUN_00408654
00408664,FUN_00408664
0040868c,FUN_0040868c
004086c0,FUN_004086c0
004086ec,FUN_004086ec
00408714,FUN_00408714
00408738,FUN_00408738
00408778,FUN_00408778
004087bc,FUN_004087bc
004087dc,FUN_004087dc
00408830,FUN_00408830
00408844,FUN_00408844
00408858,FUN_00408858
0040888c,FUN_0040888c
0040889c,FUN_0040889c
004088f4,FUN_004088f4
00408918,FUN_00408918
00408924,FUN_00408924
00408a06,FUN_00408a06
00408a4e,FUN_00408a4e
00408c7b,FUN_00408c7b
00408c8b,FUN_00408c8b
00408c9c,FUN_00408c9c
00408ce8,FUN_00408ce8
00408d34,FUN_00408d34
00408d48,FUN_00408d48
00408e10,FUN_00408e10
00408e54,FUN_00408e54
00408f4a,FUN_00408f4a
00408f53,FUN_00408f53
00408ff5,FUN_00408ff5
004090ae,FUN_004090ae
00409121,FUN_00409121
00409128,FUN_00409128
00409155,FUN_00409155
00409277,FUN_00409277
0040934b,FUN_0040934b
00409354,FUN_00409354
0040940b,FUN_0040940b
00409416,FUN_00409416
00409432,FUN_00409432
00409461,FUN_00409461
00409468,FUN_00409468
00409498,FUN_00409498
004094c8,FUN_004094c8
004094e4,FUN_004094e4
00409510,FUN_00409510
0040953c,FUN_0040953c
00409558,FUN_00409558
0040959c,FUN_0040959c
0040960c,FUN_0040960c
00409668,FUN_00409668
004096a4,FUN_004096a4
00409774,FUN_00409774
004098c4,FUN_004098c4
004098e4,FUN_004098e4
0040990c,FUN_0040990c
00409920,FUN_00409920
00409964,FUN_00409964
00409984,FUN_00409984
004099d0,FUN_004099d0
00409a00,FUN_00409a00
00409a38,FUN_00409a38
00409a78,FUN_00409a78
00409be4,FUN_00409be4
00409cec,FUN_00409cec
0040a4c4,FUN_0040a4c4
0040a520,FUN_0040a520
0040a534,FUN_0040a534
0040a558,FUN_0040a558
0040a5ec,FUN_0040a5ec
0040a678,FUN_0040a678
0040a6b0,FUN_0040a6b0
0040a6fc,FUN_0040a6fc
0040a744,FUN_0040a744
0040a798,FUN_0040a798
0040a7f4,FUN_0040a7f4
0040ab38,FUN_0040ab38
0040ad2c,FUN_0040ad2c
0040ad60,FUN_0040ad60
0040adec,FUN_0040adec
0040ae38,FUN_0040ae38
0040ae84,FUN_0040ae84
0040aeac,FUN_0040aeac
0040aee8,FUN_0040aee8
0040b0c0,FUN_0040b0c0
0040b170,FUN_0040b170
0040b3a4,FUN_0040b3a4
0040b53c,FUN_0040b53c
0040b604,FUN_0040b604
0040b640,FUN_0040b640
0040b6c0,FUN_0040b6c0
0040b6fc,FUN_0040b6fc
0040b7bc,FUN_0040b7bc
0040b890,FUN_0040b890
0040b93c,FUN_0040b93c
0040b980,FUN_0040b980
0040ba00,FUN_0040ba00
0040ba18,FUN_0040ba18
0040bcc8,FUN_0040bcc8
0040bd4c,FUN_0040bd4c
0040bdcc,FUN_0040bdcc
0040be3c,FUN_0040be3c
0040be5c,FUN_0040be5c
0040bf48,FUN_0040bf48
0040bfc0,FUN_0040bfc0
0040bfe4,FUN_0040bfe4
0040bffc,FUN_0040bffc
0040c024,FUN_0040c024
0040c080,FUN_0040c080
0040c110,FUN_0040c110
0040c174,FUN_0040c174
0040c1d4,FUN_0040c1d4
0040c1f4,FUN_0040c1f4
0040c208,FUN_0040c208
0040c244,FUN_0040c244
0040c280,FUN_0040c280
0040c2bc,FUN_0040c2bc
0040c37c,FUN_0040c37c
0040c3c4,FUN_0040c3c4
0040c40c,FUN_0040c40c
0040c480,FUN_0040c480
0040c4e0,FUN_0040c4e0
0040c4f8,FUN_0040c4f8
0040c670,FUN_0040c670
0040c9e8,Sleep
0040c9f0,FUN_0040c9f0
0040ca8c,FUN_0040ca8c
0040ca9c,FUN_0040ca9c
0040cac8,FUN_0040cac8
0040caf4,FUN_0040caf4
0040cb50,FUN_0040cb50
0040cb5c,FUN_0040cb5c
0040cb68,FUN_0040cb68
0040cb70,FUN_0040cb70
0040cbe4,FUN_0040cbe4
0040cbfc,FUN_0040cbfc
0040cc90,FUN_0040cc90
0040cca0,FUN_0040cca0
0040ccf4,FUN_0040ccf4
0040cdb0,FUN_0040cdb0
0040cdbc,FUN_0040cdbc
0040cdc8,FUN_0040cdc8
0040cdd4,FUN_0040cdd4
0040cde4,FUN_0040cde4
0040cdf4,FUN_0040cdf4
0040cfc8,FUN_0040cfc8
0040cfd8,FUN_0040cfd8
0040cffc,FUN_0040cffc
0040d094,FUN_0040d094
0040d5e8,VariantInit
0040d5f0,VariantClear
0040d5f8,VariantCopy
0040d600,VariantChangeType
0040d644,FUN_0040d644
0040d650,FUN_0040d650
0040d65c,FUN_0040d65c
0040da4c,SafeArrayCreate
0040da54,SafeArrayGetLBound
0040da5c,SafeArrayGetUBound
0040da64,SafeArrayPtrOfIndex
0040da6c,FUN_0040da6c
0040da98,FUN_0040da98
0040e3bc,FUN_0040e3bc
0040e410,FUN_0040e410
0040e4ac,FUN_0040e4ac
0040e500,FUN_0040e500
0040e59c,FUN_0040e59c
0040e5f0,FUN_0040e5f0
0040e844,FUN_0040e844
0040e850,FUN_0040e850
0040e884,FUN_0040e884
0040e8d8,FUN_0040e8d8
0040e8ec,FUN_0040e8ec
0040e91c,FUN_0040e91c
0040e978,FUN_0040e978
0040eaf4,FUN_0040eaf4
0040eb70,FUN_0040eb70
0040eb84,FUN_0040eb84
0040eb8c,FUN_0040eb8c
0040ebbc,FUN_0040ebbc
0040ec18,FUN_0040ec18
0040ee00,FUN_0040ee00
0040eeac,FUN_0040eeac
0040eef0,FUN_0040eef0
0040ef28,FUN_0040ef28
0040ef60,FUN_0040ef60
0040f024,FUN_0040f024
0040f0f0,FUN_0040f0f0
0040f154,FUN_0040f154
0040f1d8,FUN_0040f1d8
0040f714,FUN_0040f714
0040f7cc,FUN_0040f7cc
0040f830,FUN_0040f830
0040f8f8,FUN_0040f8f8
0040fe4c,FUN_0040fe4c
0040fe88,FUN_0040fe88
0040feb4,FUN_0040feb4
0040fedc,FUN_0040fedc
0040fef0,FUN_0040fef0
0040ff04,FUN_0040ff04
0040ff18,FUN_0040ff18
0040ff44,FUN_0040ff44
00410100,FUN_00410100
00410270,FUN_00410270
00410288,FUN_00410288
004102b8,FUN_004102b8
00410330,FUN_00410330
00410368,FUN_00410368
004103b0,FUN_004103b0
004103bc,FUN_004103bc
004104c0,FUN_004104c0
004104dc,FUN_004104dc
004104e4,FUN_004104e4
004104ec,FUN_004104ec
0041051c,FUN_0041051c
0041055c,FUN_0041055c
00410614,FUN_00410614
004106fc,FUN_004106fc
00410974,FUN_00410974
00410980,FUN_00410980
004109cc,FUN_004109cc
00410a30,FUN_00410a30
00410aa0,FUN_00410aa0
00410b14,FUN_00410b14
00410b70,FUN_00410b70
00410bc4,FUN_00410bc4
00410bf8,FUN_00410bf8
00410c0c,FUN_00410c0c
00410c4c,FUN_00410c4c
00410ca4,FUN_00410ca4
00410cd0,FUN_00410cd0
00410da4,FUN_00410da4
00410f9c,FUN_00410f9c
00410fb0,FUN_00410fb0
00410ff0,FUN_00410ff0
00411028,FUN_00411028
00411064,FUN_00411064
00412740,FUN_00412740
00412768,FUN_00412768
00412790,FUN_00412790
0041287c,FUN_0041287c
00412888,FUN_00412888
004128e8,FUN_004128e8
00412958,FUN_00412958
00412a14,FUN_00412a14
00412a74,FUN_00412a74
00412ab8,FUN_00412ab8
00412b60,FUN_00412b60
00412b78,FUN_00412b78
00412b98,FUN_00412b98
00412c3c,FUN_00412c3c
00412c88,FUN_00412c88
00412d58,FUN_00412d58
00412d9c,FUN_00412d9c
00412de0,FUN_00412de0
00412e70,FUN_00412e70
00412f38,FUN_00412f38
00412f44,FUN_00412f44
00412f5c,FUN_00412f5c
00412fa0,FUN_00412fa0
00412ff0,FUN_00412ff0
00412ffc,FUN_00412ffc
0041304c,FUN_0041304c
004131a8,FUN_004131a8
00413230,FUN_00413230
0041323c,FUN_0041323c
004132a8,FUN_004132a8
004132fc,FUN_004132fc
0041331c,FUN_0041331c
0041338c,FUN_0041338c
004133d8,FUN_004133d8
00413424,FUN_00413424
00413478,FUN_00413478
0041352c,FUN_0041352c
00413564,FUN_00413564
00413590,FUN_00413590
0041360c,FUN_0041360c
0041364c,FUN_0041364c
00413690,FUN_00413690
004136d0,FUN_004136d0
004136e8,FUN_004136e8
00413728,FUN_00413728
0041374c,FUN_0041374c
004137d0,FUN_004137d0
00413828,FUN_00413828
00413858,FUN_00413858
004138b4,FUN_004138b4
0041395c,FUN_0041395c
00413a40,FUN_00413a40
00413a74,FUN_00413a74
00413a8c,FUN_00413a8c
00413aec,FUN_00413aec
00413af0,FUN_00413af0
00413b28,FUN_00413b28
00413b7c,FUN_00413b7c
00413b94,FUN_00413b94
00413b9c,FUN_00413b9c
00413bf8,FUN_00413bf8
00413c18,FUN_00413c18
00413c84,FUN_00413c84
00413c90,FUN_00413c90
00413ce0,FUN_00413ce0
00413d00,FUN_00413d00
00413d3c,FUN_00413d3c
00413dac,FUN_00413dac
00413db0,FUN_00413db0
00413e80,FUN_00413e80
00413f08,FUN_00413f08
00413f1c,FUN_00413f1c
00413f6c,FUN_00413f6c
00413fa8,FUN_00413fa8
00413fc0,FUN_00413fc0
00413fcc,FUN_00413fcc
00414070,FUN_00414070
0041409c,FUN_0041409c
00414114,FUN_00414114
00414140,FUN_00414140
00414154,FUN_00414154
00414224,FUN_00414224
004142e4,FUN_004142e4
0041439c,FUN_0041439c
004143bc,FUN_004143bc
00414424,FUN_00414424
00414478,FUN_00414478
004145ec,FUN_004145ec
00414604,FUN_00414604
004146a8,FUN_004146a8
004146bc,FUN_004146bc
00414764,FUN_00414764
00414768,FUN_00414768
004147a0,FUN_004147a0
004148ec,FUN_004148ec
00414a68,FUN_00414a68
00414bc8,FUN_00414bc8
00414bfc,FUN_00414bfc
00414c80,FUN_00414c80
00414ddc,FUN_00414ddc
00414ec4,FUN_00414ec4
00414f7c,FUN_00414f7c
00415000,FUN_00415000
00415154,FUN_00415154
0041516c,FUN_0041516c
004151e4,FUN_004151e4
00415394,FUN_00415394
004153b8,FUN_004153b8
00415494,FUN_00415494
00415504,FUN_00415504
00415514,FUN_00415514
004155e0,FUN_004155e0
0041563c,FUN_0041563c
0041567c,FUN_0041567c
0041572c,FUN_0041572c
004157dc,FUN_004157dc
004157fc,FUN_004157fc
00415860,FUN_00415860
004158c8,FUN_004158c8
00415a08,FUN_00415a08
00415a40,FUN_00415a40
00415a78,FUN_00415a78
00415b6c,FUN_00415b6c
00415bcc,FUN_00415bcc
00415c68,FUN_00415c68
00415c90,FUN_00415c90
00415cd4,FUN_00415cd4
00415e5c,FUN_00415e5c
00415e64,FUN_00415e64
00415eec,FUN_00415eec
00415f04,FUN_00415f04
00415f3c,FUN_00415f3c
00415f90,FUN_00415f90
0041606c,FUN_0041606c
004160c4,FUN_004160c4
00416134,FUN_00416134
004161f0,FUN_004161f0
00416238,FUN_00416238
0041633c,FUN_0041633c
00416394,FUN_00416394
004163ec,FUN_004163ec
00416470,FUN_00416470
00416538,FUN_00416538
00416570,FUN_00416570
004165b8,FUN_004165b8
00416760,FUN_00416760
0041680c,FUN_0041680c
00416890,FUN_00416890
004168a8,FUN_004168a8
004168b4,FUN_004168b4
004168e0,FUN_004168e0
00416934,FUN_00416934
00416958,FUN_00416958
0041698c,FUN_0041698c
00416a68,FUN_00416a68
00416a9c,FUN_00416a9c
00416b04,FUN_00416b04
00416b80,FUN_00416b80
00416cc4,FUN_00416cc4
00416d00,FUN_00416d00
00416d94,FUN_00416d94
00416dac,FUN_00416dac
00416dbc,FUN_00416dbc
00416dd0,FUN_00416dd0
00416e1c,FUN_00416e1c
00416e58,FUN_00416e58
00416e6c,FUN_00416e6c
00416ec4,FUN_00416ec4
00416f94,FUN_00416f94
00416fd0,FUN_00416fd0
00417048,FUN_00417048
004170b0,FUN_004170b0
00417130,FUN_00417130
00417240,FUN_00417240
004172e0,FUN_004172e0
00417384,FUN_00417384
004175c0,FUN_004175c0
00417630,FUN_00417630
00417700,FUN_00417700
00417744,FUN_00417744
00417788,FUN_00417788
004177d8,FUN_004177d8
0041781c,FUN_0041781c
0041791c,FUN_0041791c
00417988,FUN_00417988
004179cc,FUN_004179cc
004179d4,FUN_004179d4
004179dc,FUN_004179dc
00417b1c,FUN_00417b1c
00417b38,FUN_00417b38
00417d18,FUN_00417d18
00417d60,FUN_00417d60
00417da0,FUN_00417da0
00417dfc,FUN_00417dfc
00417ebc,FUN_00417ebc
004181c4,FUN_004181c4
00418224,FUN_00418224
00418550,FUN_00418550
0041860c,FUN_0041860c
00418630,FUN_00418630
0041866c,FUN_0041866c
00418728,FUN_00418728
0041880c,FUN_0041880c
00418820,FUN_00418820
00418868,FUN_00418868
00418890,FUN_00418890
004188c0,FUN_004188c0
0041891c,FUN_0041891c
00418ab8,FUN_00418ab8
00418ca0,FUN_00418ca0
00418d14,FUN_00418d14
00418d5c,FUN_00418d5c
00418f24,FUN_00418f24
0041912c,FUN_0041912c
00419178,FUN_00419178
00419190,FUN_00419190
004191a4,FUN_004191a4
00419218,FUN_00419218
00419220,FUN_00419220
00419228,FUN_00419228
004192c0,FUN_004192c0
00419314,FUN_00419314
00419328,FUN_00419328
0041935c,FUN_0041935c
00419374,FUN_00419374
00419380,FUN_00419380
0041939c,FUN_0041939c
0041953c,FUN_0041953c
00419588,FUN_00419588
0041960c,FUN_0041960c
004196a0,FUN_004196a0
004196cc,FUN_004196cc
004196f4,FUN_004196f4
0041974c,FUN_0041974c
00419784,FUN_00419784
004197dc,FUN_004197dc
00419818,FUN_00419818
0041983c,FUN_0041983c
00419858,FUN_00419858
004198b4,FUN_004198b4
0041993c,FUN_0041993c
00419940,FUN_00419940
0041996c,FUN_0041996c
0041998c,FUN_0041998c
0041999c,FUN_0041999c
004199ac,FUN_004199ac
00419a44,FUN_00419a44
00419a94,FUN_00419a94
00419b20,FUN_00419b20
00419b34,FUN_00419b34
00419b60,FUN_00419b60
00419b70,FUN_00419b70
00419bc4,FUN_00419bc4
00419c14,FUN_00419c14
00419cc4,FUN_00419cc4
00419ccc,FUN_00419ccc
00419d0c,FUN_00419d0c
00419e2c,FUN_00419e2c
00419e30,FUN_00419e30
00419e44,FUN_00419e44
00419e88,FUN_00419e88
00419f14,FUN_00419f14
00419f30,FUN_00419f30
00419fbc,FUN_00419fbc
00419fc8,FUN_00419fc8
0041a008,FUN_0041a008
0041a034,FUN_0041a034
0041a0b4,FUN_0041a0b4
0041a484,FUN_0041a484
0041a490,FUN_0041a490
0041a518,FUN_0041a518
0041a530,FUN_0041a530
0041a5c4,FUN_0041a5c4
0041a5cc,FUN_0041a5cc
0041a664,FUN_0041a664
0041a688,FUN_0041a688
0041a73c,FUN_0041a73c
0041b7e8,FUN_0041b7e8
0041b85c,FUN_0041b85c
0041b870,FUN_0041b870
0041b8d0,FUN_0041b8d0
0041b8dc,FUN_0041b8dc
0041b8e8,FUN_0041b8e8
0041b9cc,FUN_0041b9cc
0041ba88,FUN_0041ba88
0041bb04,FUN_0041bb04
0041bb74,FUN_0041bb74
0041bbf0,FUN_0041bbf0
0041c0dc,FUN_0041c0dc
0041c120,FUN_0041c120
0041c130,FUN_0041c130
0041c314,FUN_0041c314
0041c3c8,FUN_0041c3c8
0041c534,FUN_0041c534
0041c54c,FUN_0041c54c
0041c59c,FUN_0041c59c
0041c5b0,FUN_0041c5b0
0041c758,FUN_0041c758
0041c77c,FUN_0041c77c
0041c784,FUN_0041c784
0041c820,FUN_0041c820
0041c83c,FUN_0041c83c
0041c85c,FUN_0041c85c
0041c868,FUN_0041c868
0041c894,FUN_0041c894
0041c8f4,FUN_0041c8f4
0041ca18,FUN_0041ca18
0041ca30,FUN_0041ca30
0041ca88,FUN_0041ca88
0041cab0,FUN_0041cab0
0041cb48,FUN_0041cb48
0041cbc0,FUN_0041cbc0
0041ccd0,FUN_0041ccd0
0041ccec,FUN_0041ccec
0041cd3c,FUN_0041cd3c
0041cd60,FUN_0041cd60
0041cd68,FUN_0041cd68
0041cd9c,FUN_0041cd9c
0041ce7c,FUN_0041ce7c
0041ce84,FUN_0041ce84
0041ceb8,FUN_0041ceb8
0041cf7c,FUN_0041cf7c
0041cfd8,FUN_0041cfd8
0041d060,FUN_0041d060
0041d10c,FUN_0041d10c
0041d148,FUN_0041d148
0041d180,FUN_0041d180
0041d1a8,FUN_0041d1a8
0041d1d4,FUN_0041d1d4
0041d210,FUN_0041d210
0041d254,FUN_0041d254
0041d270,FUN_0041d270
0041d290,FUN_0041d290
0041d2ec,FUN_0041d2ec
0041d314,FUN_0041d314
0041d33c,FUN_0041d33c
0041d360,FUN_0041d360
0041d380,FUN_0041d380
0041d3ac,FUN_0041d3ac
0041d3f4,FUN_0041d3f4
0041d414,FUN_0041d414
0041d470,FUN_0041d470
0041d474,FUN_0041d474
0041d4c8,FUN_0041d4c8
0041d564,FUN_0041d564
0041d590,FUN_0041d590
0041d5c0,FUN_0041d5c0
0041d69c,FUN_0041d69c
0041d6b4,FUN_0041d6b4
0041d6cc,FUN_0041d6cc
0041d6d8,FUN_0041d6d8
0041d6e4,FUN_0041d6e4
0041d738,FUN_0041d738
0041d7e0,FUN_0041d7e0
0041d7f0,FUN_0041d7f0
0041d950,FUN_0041d950
0041d970,FUN_0041d970
0041d984,FUN_0041d984
0041dc18,FUN_0041dc18
0041dc60,FUN_0041dc60
0041dcd4,FUN_0041dcd4
0041dd2c,FUN_0041dd2c
0041de44,FUN_0041de44
0041dedc,FUN_0041dedc
0041df80,FUN_0041df80
0041dfd4,FUN_0041dfd4
0041e198,FUN_0041e198
0041e1a4,FUN_0041e1a4
0041e234,FUN_0041e234
0041e548,FUN_0041e548
0041e62c,FUN_0041e62c
0041e690,FUN_0041e690
0041e698,FUN_0041e698
0041e748,FUN_0041e748
0041e75c,FUN_0041e75c
0041e760,FUN_0041e760
0041e76c,FUN_0041e76c
0041e968,FUN_0041e968
0041e9a0,FUN_0041e9a0
0041e9b8,FUN_0041e9b8
0041ea10,FUN_0041ea10
0041ec00,FUN_0041ec00
0041ed48,FUN_0041ed48
0041edf4,FUN_0041edf4
0041ee70,FUN_0041ee70
0041eed8,FUN_0041eed8
0041ef78,FUN_0041ef78
0041f064,FUN_0041f064
0041f068,FUN_0041f068
0041f130,FUN_0041f130
0041f1ec,FUN_0041f1ec
0041f238,FUN_0041f238
0041f89c,FUN_0041f89c
0041f900,FUN_0041f900
0041fb0c,FUN_0041fb0c
0041fbb0,FUN_0041fbb0
0041fca8,FUN_0041fca8
0041fd68,FUN_0041fd68
0041fd98,FUN_0041fd98
0042005c,FUN_0042005c
004200dc,FUN_004200dc
00420148,FUN_00420148
00420198,FUN_00420198
004201c8,FUN_004201c8
00420218,FUN_00420218
0042028c,FUN_0042028c
0042029c,FUN_0042029c
0042033c,FUN_0042033c
0042039c,FUN_0042039c
00420454,FUN_00420454
004204fc,FUN_004204fc
00420624,FUN_00420624
00420b8c,FUN_00420b8c
00420bfc,FUN_00420bfc
00420df8,FUN_00420df8
00420e4c,FUN_00420e4c
00420fa0,FUN_00420fa0
00420ffc,FUN_00420ffc
004212bc,FUN_004212bc
004213a4,FUN_004213a4
004214e0,FUN_004214e0
0042151c,FUN_0042151c
00421594,FUN_00421594
00421700,FUN_00421700
00421774,FUN_00421774
004217e8,FUN_004217e8
00421810,FUN_00421810
00421848,FUN_00421848
0042188c,FUN_0042188c
00421958,FUN_00421958
004219bc,FUN_004219bc
004219c8,FUN_004219c8
004219d4,FUN_004219d4
00421a88,FUN_00421a88
00421b88,FUN_00421b88
00421c08,FUN_00421c08
00421e10,FUN_00421e10
00421e18,FUN_00421e18
00421e20,FUN_00421e20
00421f88,FUN_00421f88
00421fc4,FUN_00421fc4
00421fd8,FUN_00421fd8
00422024,FUN_00422024
00422110,ImageList_Create
00422118,ImageList_Destroy
00422120,ImageList_GetImageCount
00422128,ImageList_Add
00422130,ImageList_ReplaceIcon
00422138,ImageList_SetBkColor
00422140,ImageList_GetBkColor
00422148,FUN_00422148
00422154,ImageList_Draw
0042215c,ImageList_DrawEx
00422164,ImageList_Remove
0042216c,ImageList_GetIcon
00422174,ImageList_BeginDrag
0042217c,ImageList_EndDrag
00422184,ImageList_DragEnter
0042218c,ImageList_DragLeave
00422194,ImageList_DragMove
0042219c,ImageList_SetDragCursorImage
004221a4,ImageList_DragShowNolock
004221ac,ImageList_GetDragImage
004221b4,ImageList_Read
004221bc,ImageList_Write
004221c4,ImageList_GetIconSize
004221cc,ImageList_SetIconSize
0042220c,FUN_0042220c
0042237c,FUN_0042237c
004228e8,FUN_004228e8
00422994,FUN_00422994
00422d90,FUN_00422d90
00422e14,FUN_00422e14
00422e6c,FUN_00422e6c
00422ea8,FUN_00422ea8
00422f1c,FUN_00422f1c
0042303c,FUN_0042303c
0042307c,FUN_0042307c
0042324c,FUN_0042324c
00423568,FUN_00423568
0042389c,FUN_0042389c
00423a40,FUN_00423a40
00423a74,FUN_00423a74
00423a9c,FUN_00423a9c
00423e34,FUN_00423e34
00423ebc,FUN_00423ebc
00423ec4,FUN_00423ec4
00423f04,FUN_00423f04
004240c4,FUN_004240c4
00424828,FUN_00424828
00424850,FUN_00424850
004248c0,FUN_004248c0
00424938,Shell_NotifyIconA
00424f48,FUN_00424f48
004252d4,FUN_004252d4
00425348,FUN_00425348
00425890,FUN_00425890
00425c2c,FUN_00425c2c
00425c78,FUN_00425c78
00425c8c,FUN_00425c8c
00425f34,FUN_00425f34
00425f54,FUN_00425f54
00425fd4,FUN_00425fd4
00426014,FUN_00426014
00426040,FUN_00426040
00426070,FUN_00426070
00426084,FUN_00426084
00426114,FUN_00426114
004261b8,FUN_004261b8
004266b0,FUN_004266b0
00426844,FUN_00426844
00426a64,FUN_00426a64
00426b34,FUN_00426b34
00426b5c,FUN_00426b5c
00426c90,FUN_00426c90
00426d18,FUN_00426d18
00426e64,FUN_00426e64
00426f18,FUN_00426f18
004272e4,FUN_004272e4
00427300,FUN_00427300
00427388,FUN_00427388
0042738c,FUN_0042738c
004273a8,FUN_004273a8
00427404,FUN_00427404
00427490,FUN_00427490
00427504,FUN_00427504
0042757c,FUN_0042757c
00429480,FUN_00429480
004294b4,FUN_004294b4
00429510,FUN_00429510
004296f4,FUN_004296f4
00429738,FUN_00429738
0042977c,FUN_0042977c
004297a4,FUN_004297a4
00429850,FUN_00429850
00429884,FUN_00429884
004298ac,FUN_004298ac
0042993c,FUN_0042993c
004299a0,FUN_004299a0
004299e0,FUN_004299e0
004299f8,FUN_004299f8
00429a28,FUN_00429a28
00429b3c,FUN_00429b3c
00429bd0,FUN_00429bd0
00429bf4,FUN_00429bf4
00429ce8,FUN_00429ce8
00429dd8,FUN_00429dd8
00429dfc,FUN_00429dfc
00429e20,FUN_00429e20
00429ec4,FUN_00429ec4
00429f48,FUN_00429f48
0042a0e0,FUN_0042a0e0
0042a124,FUN_0042a124
0042a280,FUN_0042a280
0042a2e0,FUN_0042a2e0
0042a338,FUN_0042a338
0042a398,FUN_0042a398
0042a3c4,FUN_0042a3c4
0042a414,FUN_0042a414
0042a450,FUN_0042a450
0042a4e4,FUN_0042a4e4
0042a7b4,FUN_0042a7b4
0042a924,FUN_0042a924
0042aae8,FUN_0042aae8
0042ab5c,FUN_0042ab5c
0042ae34,FUN_0042ae34
0042ae4c,FUN_0042ae4c
0042ae80,FUN_0042ae80
0042aec8,FUN_0042aec8
0042aef0,FUN_0042aef0
0042af10,FUN_0042af10
0042af40,FUN_0042af40
0042affc,FUN_0042affc
0042b0d4,FUN_0042b0d4
0042b17c,FUN_0042b17c
0042b1b0,FUN_0042b1b0
0042b1c8,FUN_0042b1c8
0042b1f4,FUN_0042b1f4
0042b318,FUN_0042b318
0042b4cc,FUN_0042b4cc
0042b504,FUN_0042b504
0042b610,FUN_0042b610
0042b694,FUN_0042b694
0042b6d4,FUN_0042b6d4
0042b7ac,FUN_0042b7ac
0042b8a0,FUN_0042b8a0
0042b928,FUN_0042b928
0042b948,FUN_0042b948
0042b9c4,FUN_0042b9c4
0042ba10,FUN_0042ba10
0042baa4,FUN_0042baa4
0042bae8,FUN_0042bae8
0042bb90,FUN_0042bb90
0042bc28,FUN_0042bc28
0042bd44,FUN_0042bd44
0042bd68,FUN_0042bd68
0042bd90,FUN_0042bd90
0042bdb4,FUN_0042bdb4
0042bdd8,FUN_0042bdd8
0042bee4,FUN_0042bee4
0042bf3c,FUN_0042bf3c
0042bf50,FUN_0042bf50
0042bf74,FUN_0042bf74
0042bf94,FUN_0042bf94
0042bfd8,FUN_0042bfd8
0042bff0,FUN_0042bff0
0042c01c,FUN_0042c01c
0042c034,FUN_0042c034
0042c05c,FUN_0042c05c
0042c0ec,FUN_0042c0ec
0042c118,FUN_0042c118
0042c144,FUN_0042c144
0042c174,FUN_0042c174
0042c1e0,FUN_0042c1e0
0042c450,FUN_0042c450
0042c498,FUN_0042c498
0042c4e4,FUN_0042c4e4
0042c538,FUN_0042c538
0042c548,FUN_0042c548
0042c554,FUN_0042c554
0042c568,FUN_0042c568
0042c57c,FUN_0042c57c
0042c5a0,FUN_0042c5a0
0042c5c4,FUN_0042c5c4
0042c5f4,FUN_0042c5f4
0042c674,FUN_0042c674
0042c6f0,FUN_0042c6f0
0042c738,FUN_0042c738
0042c75c,FUN_0042c75c
0042c780,FUN_0042c780
0042c7c0,FUN_0042c7c0
0042c7d0,FUN_0042c7d0
0042c7f8,FUN_0042c7f8
0042c808,FUN_0042c808
0042c8ac,FUN_0042c8ac
0042c954,FUN_0042c954
0042c9e0,FUN_0042c9e0
0042ca7c,FUN_0042ca7c
0042cbd0,FUN_0042cbd0
0042cc00,FUN_0042cc00
0042cc34,FUN_0042cc34
0042ccfc,FUN_0042ccfc
0042cd90,FUN_0042cd90
0042ce8c,FUN_0042ce8c
0042ceec,FUN_0042ceec
0042cfb0,FUN_0042cfb0
0042d28c,FUN_0042d28c
0042d46c,FUN_0042d46c
0042d510,FUN_0042d510
0042d540,FUN_0042d540
0042d5ac,FUN_0042d5ac
0042d5dc,FUN_0042d5dc
0042d60c,FUN_0042d60c
0042d66c,FUN_0042d66c
0042d740,FUN_0042d740
0042d774,FUN_0042d774
0042d7e4,FUN_0042d7e4
0042d80c,FUN_0042d80c
0042d9a0,FUN_0042d9a0
0042da48,FUN_0042da48
0042da78,FUN_0042da78
0042db8c,FUN_0042db8c
0042dc5c,FUN_0042dc5c
0042dc78,FUN_0042dc78
0042dcd0,FUN_0042dcd0
0042de3c,FUN_0042de3c
0042deb4,FUN_0042deb4
0042e074,FUN_0042e074
0042e154,FUN_0042e154
0042e15c,FUN_0042e15c
0042e214,FUN_0042e214
0042e2f0,FUN_0042e2f0
0042e374,FUN_0042e374
0042e5a8,FUN_0042e5a8
0042e5c8,FUN_0042e5c8
0042e5e8,FUN_0042e5e8
0042e608,FUN_0042e608
0042e640,FUN_0042e640
0042e7d8,FUN_0042e7d8
0042e82c,FUN_0042e82c
0042e858,FUN_0042e858
0042e9ac,FUN_0042e9ac
0042ea20,FUN_0042ea20
0042eb44,FUN_0042eb44
0042ec14,FUN_0042ec14
0042ece8,FUN_0042ece8
0042ed60,FUN_0042ed60
0042ed64,FUN_0042ed64
0042edf0,FUN_0042edf0
0042f230,FUN_0042f230
0042f3a0,FUN_0042f3a0
0042f3f4,FUN_0042f3f4
0042f4f8,FUN_0042f4f8
0042f58c,FUN_0042f58c
0042f594,FUN_0042f594
0042f5b4,FUN_0042f5b4
0042f5bc,FUN_0042f5bc
0042f690,FUN_0042f690
0042f7d0,thunk_FUN_0042f7d5
0042f7d5,FUN_0042f7d5
0042f7e4,FUN_0042f7e4
0042f804,FUN_0042f804
0042f850,FUN_0042f850
0042f898,FUN_0042f898
0042f96c,FUN_0042f96c
0042f9e8,FUN_0042f9e8
0042fa24,FUN_0042fa24
0042fa44,FUN_0042fa44
0042fa84,FUN_0042fa84
0042faac,FUN_0042faac
0042fb14,FUN_0042fb14
0042fc40,FUN_0042fc40
0042fe10,FUN_0042fe10
0042fedc,FUN_0042fedc
0042fef0,FUN_0042fef0
0042ffc8,FUN_0042ffc8
0043007c,FUN_0043007c
004300e0,FUN_004300e0
00430128,FUN_00430128
004301c4,FUN_004301c4
004301e0,FUN_004301e0
00430228,FUN_00430228
00430240,FUN_00430240
00430280,FUN_00430280
0043037c,FUN_0043037c
004303bc,FUN_004303bc
00430444,FUN_00430444
004304bc,FUN_004304bc
00430574,FUN_00430574
00430608,FUN_00430608
0043069c,FUN_0043069c
00430800,FUN_00430800
00430908,FUN_00430908
0043093c,FUN_0043093c
00430a94,FUN_00430a94
00430cc4,FUN_00430cc4
00430e18,FUN_00430e18
004310dc,FUN_004310dc
00431164,FUN_00431164
004312bc,FUN_004312bc
0043140c,FUN_0043140c
00431590,FUN_00431590
004315a0,FUN_004315a0
00431634,FUN_00431634
004316a8,FUN_004316a8
00431700,FUN_00431700
00431724,FUN_00431724
00431738,FUN_00431738
004317b8,FUN_004317b8
00431864,FUN_00431864
00431a08,FUN_00431a08
00431adc,FUN_00431adc
00431bc4,FUN_00431bc4
00431c8c,FUN_00431c8c
00431d10,FUN_00431d10
00431e88,FUN_00431e88
00431f2c,FUN_00431f2c
00431fcc,FUN_00431fcc
00432004,FUN_00432004
0043211c,FUN_0043211c
00432174,FUN_00432174
004321bc,FUN_004321bc
004321e4,FUN_004321e4
0043239c,FUN_0043239c
004323cc,FUN_004323cc
00432460,FUN_00432460
0043274c,FUN_0043274c
00432794,FUN_00432794
00432840,FUN_00432840
00432930,FUN_00432930
00432acc,FUN_00432acc
00432b5c,FUN_00432b5c
00432b78,FUN_00432b78
00432b90,FUN_00432b90
00432c40,FUN_00432c40
00432c64,FUN_00432c64
00432c88,FUN_00432c88
00432d50,FUN_00432d50
00432d68,FUN_00432d68
00432dc8,FUN_00432dc8
00432df8,FUN_00432df8
00432e1c,FUN_00432e1c
00432ee8,FUN_00432ee8
00432ef4,FUN_00432ef4
0043318c,FUN_0043318c
004331d4,FUN_004331d4
00433258,FUN_00433258
004336e8,FUN_004336e8
00433c58,FUN_00433c58
00433cec,FUN_00433cec
00433d34,FUN_00433d34
00433f7c,FUN_00433f7c
0043401c,FUN_0043401c
00434204,FUN_00434204
00434318,FUN_00434318
00434358,FUN_00434358
00434424,FUN_00434424
0043446c,FUN_0043446c
00434484,FUN_00434484
004344e4,FUN_004344e4
00434548,FUN_00434548
0043456c,FUN_0043456c
004345b0,FUN_004345b0
004345c8,FUN_004345c8
004345e0,FUN_004345e0
00434628,FUN_00434628
00434784,FUN_00434784
004347a0,FUN_004347a0
004347c4,FUN_004347c4
004347e8,FUN_004347e8
004347fc,FUN_004347fc
00434818,FUN_00434818
0043484c,FUN_0043484c
00434894,FUN_00434894
004348dc,FUN_004348dc
00434948,FUN_00434948
004349f8,FUN_004349f8
00434aa0,FUN_00434aa0
00434ae4,FUN_00434ae4
00434b68,FUN_00434b68
00434b98,FUN_00434b98
00434d10,FUN_00434d10
00434d38,FUN_00434d38
00434d3c,FUN_00434d3c
00434d4c,FUN_00434d4c
00434d88,FUN_00434d88
00434de8,FUN_00434de8
00434df4,FUN_00434df4
00434e10,FUN_00434e10
00434fec,FUN_00434fec
00434ff0,FUN_00434ff0
00435004,FUN_00435004
0043505c,FUN_0043505c
00435088,FUN_00435088
004350c4,FUN_004350c4
004350dc,FUN_004350dc
00435370,FUN_00435370
00435518,FUN_00435518
00435590,FUN_00435590
004357bc,FUN_004357bc
00435850,FUN_00435850
004358d8,FUN_004358d8
00435920,FUN_00435920
00435b28,FUN_00435b28
00435b80,FUN_00435b80
00435c08,FUN_00435c08
00435fbc,FUN_00435fbc
00435ff0,FUN_00435ff0
00436088,FUN_00436088
00436304,FUN_00436304
0043641c,FUN_0043641c
00436494,FUN_00436494
00436698,FUN_00436698
00436720,FUN_00436720
00436794,FUN_00436794
004367f4,FUN_004367f4
00436870,FUN_00436870
004368a8,FUN_004368a8
00436994,FUN_00436994
00436a24,FUN_00436a24
00436a74,FUN_00436a74
00436af0,FUN_00436af0
00436b70,FUN_00436b70
00436ca8,FUN_00436ca8
00436d30,FUN_00436d30
004371a8,FUN_004371a8
00437268,FUN_00437268
00437270,FUN_00437270
00437280,FUN_00437280
0043729c,FUN_0043729c
004372cc,FUN_004372cc
004372f4,FUN_004372f4
0043731c,FUN_0043731c
00437380,FUN_00437380
004375e8,FUN_004375e8
00437604,FUN_00437604
004376e0,FUN_004376e0
004376f4,FUN_004376f4
0043777c,FUN_0043777c
00437f68,FUN_00437f68
00437fa4,FUN_00437fa4
00437fd8,FUN_00437fd8
0043804c,FUN_0043804c
00438254,FUN_00438254
00438284,FUN_00438284
00438298,FUN_00438298
004382e0,FUN_004382e0
00438328,FUN_00438328
00438348,FUN_00438348
00438364,FUN_00438364
004383cc,FUN_004383cc
00438498,FUN_00438498
004384ac,FUN_004384ac
004384c0,FUN_004384c0
004384d4,FUN_004384d4
004384e8,FUN_004384e8
004384fc,FUN_004384fc
00438510,FUN_00438510
00438524,FUN_00438524
00438538,FUN_00438538
0043854c,FUN_0043854c
00438590,FUN_00438590
00438634,FUN_00438634
004386e0,FUN_004386e0
00438740,FUN_00438740
00438848,FUN_00438848
00438980,FUN_00438980
004389e0,FUN_004389e0
00438a3c,FUN_00438a3c
00438aa0,FUN_00438aa0
00438bd4,FUN_00438bd4
00438c34,FUN_00438c34
00438e28,FUN_00438e28
00438e48,FUN_00438e48
00438fd8,FUN_00438fd8
00438fe0,FUN_00438fe0
00438fec,FUN_00438fec
004390b0,FUN_004390b0
004390e8,FUN_004390e8
00439114,FUN_00439114
00439124,FUN_00439124
00439178,FUN_00439178
004391b0,FUN_004391b0
00439250,FUN_00439250
0043931c,FUN_0043931c
0043932c,FUN_0043932c
00439380,FUN_00439380
004393a4,FUN_004393a4
00439430,FUN_00439430
0043943c,FUN_0043943c
00439474,FUN_00439474
0043949c,FUN_0043949c
00439670,FUN_00439670
00439694,FUN_00439694
004396e0,FUN_004396e0
00439888,FUN_00439888
00439a18,FUN_00439a18
00439a90,FUN_00439a90
00439ab8,FUN_00439ab8
00439b08,FUN_00439b08
00439b4c,FUN_00439b4c
00439b60,FUN_00439b60
00439ba4,FUN_00439ba4
00439c94,FUN_00439c94
00439d48,FUN_00439d48
00439fdc,FUN_00439fdc
0043a374,FUN_0043a374
0043a378,FUN_0043a378
0043b34c,FUN_0043b34c
0043b37c,FUN_0043b37c
0043b384,FUN_0043b384
0043b3a4,FUN_0043b3a4
0043b3dc,FUN_0043b3dc
0043b430,FUN_0043b430
0043b634,FUN_0043b634
0043b690,FUN_0043b690
0043b788,FUN_0043b788
0043b7a8,FUN_0043b7a8
0043b808,FUN_0043b808
0043b9bc,FUN_0043b9bc
0043b9ec,FUN_0043b9ec
0043ba1c,FUN_0043ba1c
0043ba50,FUN_0043ba50
0043ba8c,FUN_0043ba8c
0043baf4,FUN_0043baf4
0043bc9c,FUN_0043bc9c
0043bdcc,FUN_0043bdcc
0043c06c,FUN_0043c06c
0043c0dc,FUN_0043c0dc
0043c134,FUN_0043c134
0043c1ac,FUN_0043c1ac
0043c27c,FUN_0043c27c
0043c2dc,FUN_0043c2dc
0043c36c,FUN_0043c36c
0043c5bc,FUN_0043c5bc
0043cee4,FUN_0043cee4
0043d960,FUN_0043d960
0043d990,FUN_0043d990
0043dbf0,FUN_0043dbf0
0043dc18,FUN_0043dc18
0043dc60,FUN_0043dc60
0043dcb4,FUN_0043dcb4
0043dd2c,FUN_0043dd2c
0043dd70,FUN_0043dd70
0043dd88,FUN_0043dd88
0043dd98,FUN_0043dd98
0043ddbc,FUN_0043ddbc
0043ddd0,FUN_0043ddd0
0043dde0,FUN_0043dde0
0043df14,FUN_0043df14
0043dfc8,FUN_0043dfc8
0043e03c,FUN_0043e03c
0043e0ec,FUN_0043e0ec
0043e120,FUN_0043e120
0043e18c,FUN_0043e18c
0043e1e4,FUN_0043e1e4
0043e20c,FUN_0043e20c
0043e2b0,FUN_0043e2b0
0043e344,thunk_FUN_0043e348
0043e348,FUN_0043e348
0043e354,FUN_0043e354
0043e4c4,FUN_0043e4c4
0043e4e4,FUN_0043e4e4
0043e504,FUN_0043e504
0043e524,FUN_0043e524
0043e544,FUN_0043e544
0043e564,FUN_0043e564
0043e584,FUN_0043e584
0043e5a4,FUN_0043e5a4
0043e5c4,FUN_0043e5c4
0043e5e4,FUN_0043e5e4
0043e65c,FUN_0043e65c
0043e6b0,FUN_0043e6b0
0043e6f8,FUN_0043e6f8
0043e720,FUN_0043e720
0043e734,FUN_0043e734
0043e764,FUN_0043e764
0043e7e8,FUN_0043e7e8
0043e948,FUN_0043e948
0043ee20,FUN_0043ee20
0043ee44,FUN_0043ee44
0043ef9c,FUN_0043ef9c
0043efc8,FUN_0043efc8
0043eff4,FUN_0043eff4
0043f090,FUN_0043f090
0043f0e4,FUN_0043f0e4
0043f12c,FUN_0043f12c
0043f144,FUN_0043f144
0043f1dc,FUN_0043f1dc
0043f20c,FUN_0043f20c
0043f298,FUN_0043f298
0043f360,FUN_0043f360
0043f374,thunk_FUN_0043f37a
0043f37a,FUN_0043f37a
0043f384,FUN_0043f384
0043f5fc,FUN_0043f5fc
0043f6b8,FUN_0043f6b8
0043f788,FUN_0043f788
0043f81c,FUN_0043f81c
0043f898,FUN_0043f898
0043f8e8,FUN_0043f8e8
0043f900,FUN_0043f900
0043f948,FUN_0043f948
0043f9b0,FUN_0043f9b0
0043fc84,FUN_0043fc84
0043fd2c,FUN_0043fd2c
0043fd50,FUN_0043fd50
0043fd78,FUN_0043fd78
0043fe04,FUN_0043fe04
0043fe5c,FUN_0043fe5c
0043fe78,FUN_0043fe78
0043fe94,FUN_0043fe94
0043fed0,FUN_0043fed0
00440460,FUN_00440460
00440488,FUN_00440488
00440560,FUN_00440560
00440570,FUN_00440570
004405b8,FUN_004405b8
004406b8,FUN_004406b8
004406f4,FUN_004406f4
004407dc,FUN_004407dc
00440874,FUN_00440874
004408d8,FUN_004408d8
00442858,FUN_00442858
00442868,FUN_00442868
00442870,FUN_00442870
004428bc,FUN_004428bc
00442944,FUN_00442944
004429f8,FUN_004429f8
00442a48,FUN_00442a48
00442aac,FUN_00442aac
00442ae8,FUN_00442ae8
00442b08,FUN_00442b08
00442b28,FUN_00442b28
00442bd4,FUN_00442bd4
00442c28,FUN_00442c28
00442c64,FUN_00442c64
00442d20,FUN_00442d20
00442d48,FUN_00442d48
00442dc8,FUN_00442dc8
00442ea8,FUN_00442ea8
00442ee0,FUN_00442ee0
00442f4c,FUN_00442f4c
00442fb4,FUN_00442fb4
00443060,FUN_00443060
00443098,FUN_00443098
004430cc,FUN_004430cc
00443148,FUN_00443148
004431c8,FUN_004431c8
004431e0,FUN_004431e0
00443240,FUN_00443240
004435b8,FUN_004435b8
004436f0,FUN_004436f0
00443708,FUN_00443708
00443728,FUN_00443728
00443734,FUN_00443734
0044383c,FUN_0044383c
00443954,FUN_00443954
004439cc,FUN_004439cc
00443a08,FUN_00443a08
00443a18,FUN_00443a18
00443a58,FUN_00443a58
00443bb0,FUN_00443bb0
00443bd4,FUN_00443bd4
00443c30,FUN_00443c30
00443d40,FUN_00443d40
00443e94,FUN_00443e94
00443f38,FUN_00443f38
00444084,FUN_00444084
004440f4,FUN_004440f4
00444310,FUN_00444310
0044452c,FUN_0044452c
00444610,FUN_00444610
0044468c,FUN_0044468c
004446ec,FUN_004446ec
00444728,FUN_00444728
00444bcc,FUN_00444bcc
00444d08,FUN_00444d08
00444e90,FUN_00444e90
00444ebc,FUN_00444ebc
00444f78,FUN_00444f78
00444fd8,FUN_00444fd8
00445534,FUN_00445534
00445580,FUN_00445580
0044580c,FUN_0044580c
00445958,FUN_00445958
00445990,FUN_00445990
004459d4,FUN_004459d4
00445a28,FUN_00445a28
00445a5c,FUN_00445a5c
00445aa8,FUN_00445aa8
00445af8,FUN_00445af8
00445b28,FUN_00445b28
00445c10,FUN_00445c10
00445c24,FUN_00445c24
00445c54,FUN_00445c54
00445cd4,FUN_00445cd4
00445d50,FUN_00445d50
00445d74,FUN_00445d74
00445d9c,FUN_00445d9c
00445f70,FUN_00445f70
00445fb8,FUN_00445fb8
00446034,FUN_00446034
00446094,FUN_00446094
004460d0,FUN_004460d0
00446110,FUN_00446110
00446464,FUN_00446464
004468fc,FUN_004468fc
004469a4,FUN_004469a4
00446a5c,FUN_00446a5c
00446aa4,FUN_00446aa4
00446d64,FUN_00446d64
00446e18,FUN_00446e18
00446e68,FUN_00446e68
00446f10,FUN_00446f10
00446f8c,FUN_00446f8c
00446fdc,FUN_00446fdc
00447280,FUN_00447280
004473b0,FUN_004473b0
00447874,FUN_00447874
0044834c,FUN_0044834c
00448454,FUN_00448454
004484ec,FUN_004484ec
004484f4,FUN_004484f4
00448588,FUN_00448588
004485a4,FUN_004485a4
0044887c,FUN_0044887c
00448994,FUN_00448994
004489c4,FUN_004489c4
00448a40,FUN_00448a40
00448a94,FUN_00448a94
00448ac4,FUN_00448ac4
00448b40,FUN_00448b40
00448b94,FUN_00448b94
00448be8,FUN_00448be8
00448c64,FUN_00448c64
00448ca0,FUN_00448ca0
00448ce8,FUN_00448ce8
00448e10,FUN_00448e10
00448ea0,FUN_00448ea0
00448ff0,FUN_00448ff0
0044925c,FUN_0044925c
00449274,FUN_00449274
00449290,FUN_00449290
004492a8,FUN_004492a8
004492c4,FUN_004492c4
00449324,FUN_00449324
00449550,FUN_00449550
0044955c,FUN_0044955c
00449568,FUN_00449568
00449574,FUN_00449574
00449580,FUN_00449580
0044958c,FUN_0044958c
004495a0,FUN_004495a0
004495bc,FUN_004495bc
004495d0,FUN_004495d0
004495d8,FUN_004495d8
004495ec,FUN_004495ec
004495f4,FUN_004495f4
00449640,FUN_00449640
00449678,FUN_00449678
004496e0,FUN_004496e0
0044973c,FUN_0044973c
004497b4,FUN_004497b4
004497dc,FUN_004497dc
004499dc,FUN_004499dc
00449a48,FUN_00449a48
00449a5c,FUN_00449a5c
00449a64,FUN_00449a64
00449aa0,FUN_00449aa0
00449b30,FUN_00449b30
00449cb4,FUN_00449cb4
00449d14,FUN_00449d14
0044a010,FUN_0044a010
0044a178,FUN_0044a178
0044a184,FUN_0044a184
0044a1bc,thunk_FUN_0044a1c1
0044a1c1,FUN_0044a1c1
0044a1dc,FUN_0044a1dc
0044a28c,FUN_0044a28c
0044a2d0,FUN_0044a2d0
0044a344,FUN_0044a344
0044a3a0,FUN_0044a3a0
0044a3d0,FUN_0044a3d0
0044a3f8,FUN_0044a3f8
0044a438,FUN_0044a438
0044a754,FUN_0044a754
0044a904,FUN_0044a904
0044a964,FUN_0044a964
0044a9d4,FUN_0044a9d4
0044aa84,FUN_0044aa84
0044aab0,FUN_0044aab0
0044aadc,FUN_0044aadc
0044aae4,FUN_0044aae4
0044aaec,FUN_0044aaec
0044ab58,FUN_0044ab58
0044ab70,FUN_0044ab70
0044ab88,FUN_0044ab88
0044abe0,FUN_0044abe0
0044ac4c,FUN_0044ac4c
0044ac88,FUN_0044ac88
0044b3d4,FUN_0044b3d4
0044b3f0,FUN_0044b3f0
0044b4a0,FUN_0044b4a0
0044b5a0,FUN_0044b5a0
0044b5dc,FUN_0044b5dc
0044b628,FUN_0044b628
0044b6b8,FUN_0044b6b8
0044b6dc,FUN_0044b6dc
0044b72c,FUN_0044b72c
0044b7e4,FUN_0044b7e4
0044b818,FUN_0044b818
0044b884,FUN_0044b884
0044b91c,FUN_0044b91c
0044b934,FUN_0044b934
0044b958,FUN_0044b958
0044b9b4,FUN_0044b9b4
0044ba40,FUN_0044ba40
0044ba58,FUN_0044ba58
0044bad8,FUN_0044bad8
0044bbc4,FUN_0044bbc4
0044bc68,FUN_0044bc68
0044bdd0,FUN_0044bdd0
0044bea8,FUN_0044bea8
0044c010,FUN_0044c010
0044c108,FUN_0044c108
0044c198,FUN_0044c198
0044c1e8,FUN_0044c1e8
0044c24c,FUN_0044c24c
0044c2c4,FUN_0044c2c4
0044c3e4,FUN_0044c3e4
0044c484,FUN_0044c484
0044c518,FUN_0044c518
0044c574,FUN_0044c574
0044c5fc,FUN_0044c5fc
0044c624,FUN_0044c624
0044c668,FUN_0044c668
0044c690,FUN_0044c690
0044c7a0,FUN_0044c7a0
0044c7d8,FUN_0044c7d8
0044c81c,FUN_0044c81c
0044c844,FUN_0044c844
0044c854,FUN_0044c854
0044c9b4,FUN_0044c9b4
0044ca14,FUN_0044ca14
0044cad8,FUN_0044cad8
0044ce6c,FUN_0044ce6c
0044cea8,FUN_0044cea8
0044cf38,FUN_0044cf38
0044cf60,FUN_0044cf60
0044cf88,FUN_0044cf88
0044cfe4,FUN_0044cfe4
0044cff4,FUN_0044cff4
0044d170,FUN_0044d170
0044d1e4,FUN_0044d1e4
0044d1e8,FUN_0044d1e8
0044d244,FUN_0044d244
0044d26c,FUN_0044d26c
0044d29c,FUN_0044d29c
0044d2e4,FUN_0044d2e4
0044d370,FUN_0044d370
0044d398,FUN_0044d398
0044d3ac,FUN_0044d3ac
0044d3d0,FUN_0044d3d0
0044d3f8,FUN_0044d3f8
0044d444,FUN_0044d444
0044dafc,FUN_0044dafc
0044db74,FUN_0044db74
0044db78,FUN_0044db78
0044db84,FUN_0044db84
0044e0e0,FUN_0044e0e0
0044e108,FUN_0044e108
0044e138,FUN_0044e138
0044e178,FUN_0044e178
0044e1d0,FUN_0044e1d0
0044e534,FUN_0044e534
0044e658,FUN_0044e658
0044e6cc,FUN_0044e6cc
0044e734,FUN_0044e734
0044e794,FUN_0044e794
0044e8b0,FUN_0044e8b0
0044e8c0,FUN_0044e8c0
0044e91c,FUN_0044e91c
0044e980,FUN_0044e980
0044e990,FUN_0044e990
0044ea50,FUN_0044ea50
0044ea64,FUN_0044ea64
0044ea98,FUN_0044ea98
0044ec68,FUN_0044ec68
0044ecd0,FUN_0044ecd0
0044edd4,FUN_0044edd4
0044ee00,FUN_0044ee00
0044eeac,FUN_0044eeac
0044efb8,FUN_0044efb8
0044efd0,FUN_0044efd0
0044eff8,FUN_0044eff8
0044f900,entry
